# x y
-1 0.325715
-0.98995 0.380412
-0.979899 0.378674
-0.969849 0.42263
-0.959799 0.306441
-0.949749 0.34296
-0.939698 0.244284
-0.929648 0.314606
-0.919598 0.352014
-0.909548 0.277767
-0.899497 0.318744
-0.889447 0.295976
-0.879397 0.292926
-0.869347 0.256949
-0.859296 0.236934
-0.849246 0.241506
-0.839196 0.241018
-0.829146 0.172746
-0.819095 0.198218
-0.809045 0.168058
-0.798995 0.203984
-0.788945 0.118323
-0.778894 0.0724608
-0.768844 0.168424
-0.758794 -0.0555162
-0.748744 0.073853
-0.738693 0.0279961
-0.728643 -0.0957005
-0.718593 -0.0145772
-0.708543 -0.0835563
-0.698492 -0.153255
-0.688442 -0.224095
-0.678392 -0.170489
-0.668342 -0.266971
-0.658291 -0.333814
-0.648241 -0.315851
-0.638191 -0.354551
-0.628141 -0.361322
-0.61809 -0.406429
-0.60804 -0.370199
-0.59799 -0.427507
-0.58794 -0.502632
-0.577889 -0.570357
-0.567839 -0.495721
-0.557789 -0.545122
-0.547739 -0.479822
-0.537688 -0.626538
-0.527638 -0.583465
-0.517588 -0.667
-0.507538 -0.708769
-0.497487 -0.810024
-0.487437 -0.718248
-0.477387 -0.814533
-0.467337 -0.814219
-0.457286 -0.804987
-0.447236 -0.828819
-0.437186 -0.903366
-0.427136 -0.872998
-0.417085 -0.792476
-0.407035 -0.808638
-0.396985 -0.80881
-0.386935 -0.833905
-0.376884 -0.805939
-0.366834 -0.821058
-0.356784 -0.833163
-0.346734 -0.755724
-0.336683 -0.813034
-0.326633 -0.8236
-0.316583 -0.706482
-0.306533 -0.685023
-0.296482 -0.802683
-0.286432 -0.667071
-0.276382 -0.773953
-0.266332 -0.588855
-0.256281 -0.657519
-0.246231 -0.538105
-0.236181 -0.572615
-0.226131 -0.487947
-0.21608 -0.534615
-0.20603 -0.438983
-0.19598 -0.385789
-0.18593 -0.291207
-0.175879 -0.20476
-0.165829 -0.219521
-0.155779 -0.186764
-0.145729 -0.205295
-0.135678 -0.176359
-0.125628 -0.0468987
-0.115578 -0.000211249
-0.105528 0.0730714
-0.0954774 0.127676
-0.0854271 0.160172
-0.0753769 0.118259
-0.0653266 0.285346
-0.0552764 0.284031
-0.0452261 0.289424
-0.0351759 0.363518
-0.0251256 0.360401
-0.0150754 0.458089
-0.00502513 0.556518
0.00502513 0.544877
0.0150754 0.558919
0.0251256 0.628165
0.0351759 0.701411
0.0452261 0.646281
0.0552764 0.696175
0.0653266 0.784748
0.0753769 0.744991
0.0854271 0.931497
0.0954774 0.850988
0.105528 0.835285
0.115578 0.859254
0.125628 0.892909
0.135678 0.902932
0.145729 0.838584
0.155779 1.01545
0.165829 0.957936
0.175879 0.961129
0.18593 1.00452
0.19598 0.909395
0.20603 0.920088
0.21608 0.97417
0.226131 0.938833
0.236181 0.947558
0.246231 0.912134
0.256281 0.887527
0.266332 0.952436
0.276382 0.913
0.286432 0.711599
0.296482 0.885349
0.306533 0.892136
0.316583 0.816833
0.326633 0.713863
0.336683 0.65786
0.346734 0.69498
0.356784 0.592556
0.366834 0.605017
0.376884 0.548726
0.386935 0.572377
0.396985 0.452833
0.407035 0.41031
0.417085 0.410955
0.427136 0.447913
0.437186 0.314167
0.447236 0.248048
0.457286 0.270485
0.467337 0.222372
0.477387 0.0979946
0.487437 0.0782335
0.497487 0.119834
0.507538 0.0469853
0.517588 -0.136599
0.527638 -0.0268797
0.537688 -0.0415827
0.547739 -0.165675
0.557789 -0.124696
0.567839 -0.098481
0.577889 -0.204521
0.58794 -0.286487
0.59799 -0.310753
0.60804 -0.311895
0.61809 -0.320014
0.628141 -0.360505
0.638191 -0.361657
0.648241 -0.415487
0.658291 -0.418793
0.668342 -0.39753
0.678392 -0.515203
0.688442 -0.470955
0.698492 -0.483766
0.708543 -0.453924
0.718593 -0.520447
0.728643 -0.483879
0.738693 -0.467105
0.748744 -0.618755
0.758794 -0.470209
0.768844 -0.578673
0.778894 -0.583295
0.788945 -0.670244
0.798995 -0.562633
0.809045 -0.517505
0.819095 -0.529862
0.829146 -0.525962
0.839196 -0.549373
0.849246 -0.440139
0.859296 -0.424241
0.869347 -0.438898
0.879397 -0.540828
0.889447 -0.318661
0.899497 -0.41001
0.909548 -0.374689
0.919598 -0.460251
0.929648 -0.369007
0.939698 -0.330374
0.949749 -0.340276
0.959799 -0.27147
0.969849 -0.231636
0.979899 -0.345206
0.98995 -0.216771
1 -0.220745
